119
104
167
112
147
144
101
108
196
131
139
189
106
182
106
107
134
104
158
100
111
192
151
167
106
111
137
193
186
110
152
163
102
146
142
125
119
152
123
123
181
150
163
173
104
147
108
174
128
144
159
181
128
105
198
113
190
132
121
142
123
136
127
190
192
126
128
151
176
137
103
119
184
197
137
144
106
147
144
162
193
118
120
150
169
135
182
161
180
144
143
133
178
156
106
107
175
130
182
178
183
109
120
135
192
140
160
117
119
116
130
197
108
169
105
161
175
152
192
103
175
196
114
102
190
133
116
141
134
102
198
161
166
184
115
120
103
121
141
146
191
194
101
158
157
144
153
187
195
129
128
130
198
190
145
118
110
139
197
157
133
186
161
199
157
159
127
186
197
120
192
113
101
199
143
101
125
179
128
168
157
101
105
159
187
146
169
183
108
177
103
101
105
137
168
127
133
144
193
192
102
191
